0000   00 1d 7e 46 ec 49 00 22 19 f4 30 97 08 00 45 08
0010   05 dc 45 5c 40 00 40 06 73 c2 c0 a8 01 88 81 61
0020   38 64 bc 0d 00 14 7f b3 f5 4c e3 1f 73 21 80 10
0030   00 e3 81 c4 00 00 01 01 08 0a 00 14 76 65 09 16
0040   a9 83 30 30 32 34 32 32 34 35 31 34 20 30 30 30
0050   30 30 20 6e 20 0a 30 30 32 34 32 32 34 35 35 39
0060   20 30 30 30 30 30 20 6e 20 0a 30 30 32 34 32 32
0070   34 36 30 34 20 30 30 30 30 30 20 6e 20 0a 30 30
0080   32 34 32 32 34 36 34 39 20 30 30 30 30 30 20 6e
0090   20 0a 30 30 32 34 32 32 34 36 39 34 20 30 30 30
00a0   30 30 20 6e 20 0a 30 30 32 34 32 32 34 37 33 39
00b0   20 30 30 30 30 30 20 6e 20 0a 30 30 32 34 32 32
00c0   34 37 38 34 20 30 30 30 30 30 20 6e 20 0a 30 30
00d0   32 34 32 32 34 38 32 39 20 30 30 30 30 30 20 6e
00e0   20 0a 30 30 32 34 32 32 34 38 37 33 20 30 30 30
00f0   30 30 20 6e 20 0a 30 30 32 34 32 32 34 39 31 38
0100   20 30 30 30 30 30 20 6e 20 0a 30 30 32 34 32 32
0110   34 39 36 32 20 30 30 30 30 30 20 6e 20 0a 30 30
0120   32 34 32 32 35 30 30 36 20 30 30 30 30 30 20 6e
0130   20 0a 30 30 32 34 32 32 35 30 35 30 20 30 30 30
0140   30 30 20 6e 20 0a 30 30 32 34 32 32 35 30 39 34
0150   20 30 30 30 30 30 20 6e 20 0a 30 30 32 34 32 32
0160   35 31 33 39 20 30 30 30 30 30 20 6e 20 0a 30 30
0170   32 34 32 32 35 31 38 34 20 30 30 30 30 30 20 6e
0180   20 0a 30 30 32 34 32 32 35 32 32 39 20 30 30 30
0190   30 30 20 6e 20 0a 30 30 32 34 32 32 35 32 37 34
01a0   20 30 30 30 30 30 20 6e 20 0a 30 30 32 34 32 32
01b0   35 33 31 39 20 30 30 30 30 30 20 6e 20 0a 30 30
01c0   32 34 32 32 35 33 36 34 20 30 30 30 30 30 20 6e
01d0   20 0a 30 30 32 34 32 32 35 34 30 39 20 30 30 30
01e0   30 30 20 6e 20 0a 30 30 32 34 32 32 35 34 35 34
01f0   20 30 30 30 30 30 20 6e 20 0a 30 30 32 34 32 32
0200   35 34 39 39 20 30 30 30 30 30 20 6e 20 0a 30 30
0210   32 34 32 32 35 35 34 34 20 30 30 30 30 30 20 6e
0220   20 0a 30 30 32 34 32 32 35 35 38 39 20 30 30 30
0230   30 30 20 6e 20 0a 30 30 32 34 32 32 35 36 33 34
0240   20 30 30 30 30 30 20 6e 20 0a 30 30 32 34 32 32
0250   35 36 37 39 20 30 30 30 30 30 20 6e 20 0a 30 30
0260   32 34 32 32 35 37 32 34 20 30 30 30 30 30 20 6e
0270   20 0a 30 30 32 34 32 32 35 37 36 39 20 30 30 30
0280   30 30 20 6e 20 0a 30 30 32 34 32 32 35 38 31 34
0290   20 30 30 30 30 30 20 6e 20 0a 30 30 32 34 32 32
02a0   35 38 35 39 20 30 30 30 30 30 20 6e 20 0a 30 30
02b0   32 34 32 32 35 39 30 34 20 30 30 30 30 30 20 6e
02c0   20 0a 30 30 32 34 32 32 35 39 34 39 20 30 30 30
02d0   30 30 20 6e 20 0a 30 30 32 34 32 32 35 39 39 34
02e0   20 30 30 30 30 30 20 6e 20 0a 30 30 32 34 32 32
02f0   36 30 33 39 20 30 30 30 30 30 20 6e 20 0a 30 30
0300   32 34 32 32 36 30 38 34 20 30 30 30 30 30 20 6e
0310   20 0a 30 30 32 34 32 32 36 31 32 39 20 30 30 30
0320   30 30 20 6e 20 0a 30 30 32 34 32 32 36 31 37 34
0330   20 30 30 30 30 30 20 6e 20 0a 30 30 32 34 32 32
0340   36 32 31 39 20 30 30 30 30 30 20 6e 20 0a 30 30
0350   32 34 32 32 36 32 36 34 20 30 30 30 30 30 20 6e
0360   20 0a 30 30 32 34 32 32 36 33 30 38 20 30 30 30
0370   30 30 20 6e 20 0a 30 30 32 34 32 32 36 33 35 32
0380   20 30 30 30 30 30 20 6e 20 0a 30 30 32 34 32 32
0390   36 33 39 37 20 30 30 30 30 30 20 6e 20 0a 30 30
03a0   32 34 32 32 36 34 34 32 20 30 30 30 30 30 20 6e
03b0   20 0a 30 30 32 34 32 32 36 34 38 37 20 30 30 30
03c0   30 30 20 6e 20 0a 30 30 32 34 32 32 36 35 33 32
03d0   20 30 30 30 30 30 20 6e 20 0a 30 30 32 34 32 32
03e0   36 35 37 36 20 30 30 30 30 30 20 6e 20 0a 30 30
03f0   32 34 32 32 36 36 32 31 20 30 30 30 30 30 20 6e
0400   20 0a 30 30 32 34 32 32 36 36 36 36 20 30 30 30
0410   30 30 20 6e 20 0a 30 30 32 34 32 32 36 37 31 31
0420   20 30 30 30 30 30 20 6e 20 0a 30 30 32 34 32 32
0430   36 37 35 36 20 30 30 30 30 30 20 6e 20 0a 30 30
0440   32 34 32 32 36 38 30 31 20 30 30 30 30 30 20 6e
0450   20 0a 30 30 32 34 32 32 36 38 34 36 20 30 30 30
0460   30 30 20 6e 20 0a 30 30 32 34 32 32 36 38 39 31
0470   20 30 30 30 30 30 20 6e 20 0a 30 30 32 34 32 32
0480   36 39 33 36 20 30 30 30 30 30 20 6e 20 0a 30 30
0490   32 34 32 32 36 39 38 31 20 30 30 30 30 30 20 6e
04a0   20 0a 30 30 32 34 32 32 37 30 32 36 20 30 30 30
04b0   30 30 20 6e 20 0a 30 30 32 34 32 32 37 30 37 31
04c0   20 30 30 30 30 30 20 6e 20 0a 30 30 32 34 32 32
04d0   37 31 31 36 20 30 30 30 30 30 20 6e 20 0a 30 30
04e0   32 34 32 32 37 31 36 31 20 30 30 30 30 30 20 6e
04f0   20 0a 30 30 32 34 32 32 37 32 30 36 20 30 30 30
0500   30 30 20 6e 20 0a 30 30 32 34 32 32 37 32 35 31
0510   20 30 30 30 30 30 20 6e 20 0a 30 30 32 34 32 32
0520   37 32 39 36 20 30 30 30 30 30 20 6e 20 0a 30 30
0530   32 34 32 32 37 33 34 31 20 30 30 30 30 30 20 6e
0540   20 0a 30 30 32 34 32 32 37 33 38 36 20 30 30 30
0550   30 30 20 6e 20 0a 30 30 32 34 32 32 37 34 33 31
0560   20 30 30 30 30 30 20 6e 20 0a 30 30 32 34 32 32
0570   37 34 37 36 20 30 30 30 30 30 20 6e 20 0a 30 30
0580   32 34 32 32 37 35 32 31 20 30 30 30 30 30 20 6e
0590   20 0a 30 30 32 34 32 32 37 35 36 36 20 30 30 30
05a0   30 30 20 6e 20 0a 30 30 32 34 32 32 37 36 31 31
05b0   20 30 30 30 30 30 20 6e 20 0a 30 30 32 34 32 32
05c0   37 36 35 36 20 30 30 30 30 30 20 6e 20 0a 30 30
05d0   32 34 32 32 37 37 30 30 20 30 30 30 30 30 20 6e
05e0   20 0a 30 30 32 34 32 32 37 37
