0000   00 00 00 00 00 00 00 00 00 00 00 00 08 00 45 00
0010   00 ca 5c 0d 00 00 80 11 00 00 0a 20 1b a0 0a 20
0020   7f ff eb 35 00 8a 00 b6 8e c0 11 0a 80 22 0a 20
0030   1b a0 00 8a 00 a0 00 00 20 46 47 45 4a 46 43 46
0040   45 46 46 45 42 45 4d 46 49 46 41 43 4e 44 49 44
0050   45 44 41 44 46 44 44 41 41 00 20 46 48 45 50 46
0060   43 45 4c 45 48 46 43 45 50 46 46 46 41 43 41 43
0070   41 43 41 43 41 43 41 43 41 42 4e 00 ff 53 4d 42
0080   25 00 00 00 00 00 00 00 00 00 00 00 00 00 00 00
0090   00 00 00 00 00 00 00 00 00 00 00 00 11 00 00 06
00a0   00 00 00 00 00 00 00 00 00 e8 03 00 00 00 00 00
00b0   00 00 00 06 00 56 00 03 00 01 00 01 00 02 00 17
00c0   00 5c 4d 41 49 4c 53 4c 4f 54 5c 42 52 4f 57 53
00d0   45 00 09 04 02 00 00 00
